# bhb,rgb,msto from original Sesar Ophiuchus paper. Others from fanning paper.
# (deg) (deg) (km s^-1) (mag) (mas yr^-1) (mas yr^-1)
# Name ra dec v_los err_v_los DM err_DM mu_l err_mu_l mu_b err_mu_b source
bhb1 241.52271 -7.01555  286.7 1.8 14.72 0.06 -4.1 2.1 2.6 2.1 Sesar2015a
bhb2 241.49994 -7.03409  285.3 1.9 14.73 0.06 -4.4 2.2 2.1 2.2 Sesar2015a
bhb3 242.13551 -6.87785  290.0 1.8 14.61 0.05 -5.2 2.0 2.4 2.0 Sesar2015a
bhb4 241.94714 -6.88995  291.3 2.2 14.64 0.06 -5.1 2.2 3.3 2.1 Sesar2015a
bhb6 242.33018 -6.84405  290.8 1.5 14.58 0.05 -5.6 1.3 5.2 1.4 Sesar2015a
bhb7 242.91469 -6.69329  289.8 1.5 14.47 0.06 -7.4 1.5 7.1 1.7 Sesar2015a
rgb1 241.51689 -6.98511  286.0 0.8 14.72 0.06 -6.2 1.5 0.7 1.4 Sesar2015a
rgb2 241.94649 -6.86113  286.7 0.6 14.64 0.05 -4.5 1.4 1.1 1.4 Sesar2015a
rgb3 241.96089 -6.89873  287.5 0.7 14.64 0.06 -6.5 1.5 3.0 1.4 Sesar2015a
rgb4 242.26139 -6.90190  288.8 0.5 14.60 0.05 -23.7 10. -14.8 10. Sesar2015a
rgb5 242.14832 -6.79765  288.0 0.9 14.60 0.05 -6.0 1.3 2.4 1.4 Sesar2015a
sgb1 241.95962 -6.86881  289.4 2.2 14.63 0.05 -5.8 2.0 1.2 2.1 Sesar2015a
msto1 242.02040 -6.84122  291.8 2.2 14.62 0.05 -6.9 2.4 4.4 2.4 Sesar2015a
msto2 242.18360 -6.84056  286.4 2.6 14.60 0.05 -3.4 2.3 2.3 2.2 Sesar2015a
cand9 243.19618 -6.72622 289.9 2.0   14.43806 0.05 -5. 100. 3. 100. Sesar2015b
cand14 241.74958  -6.81383 287.2 2.6 14.65907 0.05 -5. 100. 3. 100. Sesar2015b
cand15 243.75929 -6.36006 271.4 2.4  14.29193 0.05 -5. 100. 3. 100. Sesar2015b
cand26 244.34367  -6.43328 318.2 2.3 14.22536 0.05 -5. 100. 3. 100. Sesar2015b
cand49 247.32333  -7.34552 236.6 5.0 13.99704 0.05 -5. 100. 3. 100. Sesar2015b
cand54 245.21113  -7.29210 258.6 4.0 14.26625 0.05 -5. 100. 3. 100. Sesar2015b
